172.110
172.110
172.110
172.110
172.120
172.120
172.110
172.120
172.120
172.120
172.120
172.120
172.120
172.120
172.120
172.130
172.130
172.130
172.120
172.130
172.130
172.130
172.130
172.130
172.130
172.130
172.130
172.130
172.140
172.131
172.130
172.130
172.130
172.130
172.130
172.130
172.130
172.130
172.130
172.125
172.101
172.107
172.100
172.090
172.080
172.081
172.090
172.090
172.090
172.100
172.100
172.110
172.110
172.110
172.110
172.110
172.110
172.110
172.100
172.090
172.090
172.080
172.080
172.070
172.060
172.050
172.050
172.040
172.046
172.050
172.040
172.040
172.040
172.040
172.040
172.040
172.040
172.046
172.050
172.050
172.040
172.048
172.050
172.042
172.050
172.050
172.060
172.060
172.060
172.060
172.070
172.070
172.070
172.070
172.080
172.080
172.080
172.080
172.089
172.090
172.090
172.090
172.091
172.100
172.100
172.100
172.100
172.110
172.110
172.119
172.120
172.120
172.120
172.130
172.130
172.133
172.140
172.140
172.140
172.140
172.140
172.150
172.150
172.150
172.160
172.160
172.160
172.160
172.160
172.170
172.162
172.170
172.170
172.170
172.170
172.170
172.180
172.180
172.180
172.190
172.190
172.190
172.190
172.200
172.196
172.200
172.200
172.200
172.200
172.200
172.200
172.200
172.190
172.190
172.190
172.190
172.180
172.170
172.170
172.163
172.160
172.160
172.160
172.150
172.140
172.150
172.150
172.140
172.140
172.140
172.140
172.140
172.140
172.140
172.140
172.140
172.149
172.140
172.130
172.130
172.130
172.120
172.120
172.120
172.120
172.120
172.120
172.120
172.120
172.120
172.130
172.130
172.130
172.140
172.140
172.145
172.150
172.150
172.150
172.160